[
[16,1161844.5,399325,23,-50,23.5,-50,23.5,-50,11.1,-25,1.21,-2.5,1.31,-2.5
,1.31,-2.5,0.13,-0.25,0.13,-0.25,6.5,-5,6,-1.6,6,-1.5,20,0.2,20,0,20,-0.2
,20,-0.32,20,-0.42,20,-0.35,20,-0.35,20,-0.35,20,-0.35,20,-0.35,20,-0.35,20,-0.25
,20,-0.08,20,-0.08,30,0.2,100,0.01,100,1.31,100,1.75,100,2.55,100,1.5,100,0.1,100,0.1,
100,-1.5,100,-1.5,50,-0.75,30,0.25,10,0.25,50,-2.5,100,-0.65,100,-1.55,50,-0.35
,50,0.31,50,0.45,50,0.65,100,1.55,50,0.85,50,1.5,50,1.5,50,1.5,50,1.7,50,1.5
,7.5,1,50,1.35,50,0.75,30,0.501,50,-0.201,50,0.101,50,0.101,50,0.101,50,-0.95,
50,-0.95,50,-1.01,30,-0.3,10,-0.19,50,-0.45,50,-0.45,45,-0.05,5,0.1,50,0.45,50,0.55
,20,0.1,20,0.0501,10,0.08,3,0.05,40,5.15,3,0.375,3,0.375,3,0.375,10,0.2,10,0.2
,10,0.2,10,0.001,10,0.001,10,0.001,10,0.051,10,0.058,10,0.058,10,0.058,10,0.058,10,0.058,10,0.058
,10,0.018,10,0.018,10,0.018,50,0.2,36.35,0.2],
[15,1163625.725,399354,0.289,-10,0.489,-10,0.489,-10,0.459,-10,0.459,-10,0.855,-20,0.95,-20,0.85,-20,0.85,-20,0.95,-20,0.95,-20,-0.5,-10,-0.85,-10,-0.85,-10,-0.425,-5,1,-25,0.5,-12.5,6,-25,3.35,-12.5,3.2,-4.65,4.5,-4.65,5.5,-4.21,5,-2.55,5,-2,2.5,-1,7.5,-1.8,5,-0.35,20,0.7,20,0.7,20,0.895,20,1.02,20,1.02,20,1.02,20,1.02,20,1.02,20,1.02,20,1.02,20,1.02,20,1.02,20,0.5,20,1.01,20,1.01,10,0.05,1,0.05,1,0.05,1,0.05,1,0.05,1,0.05,1,0.05,29,-2.1,35,0.85,25,3.5,3,0.5,30,1,30,1,30,0.61,30,0.61,15,0.305,15,0.305,15,0.205,10,2.05,4.99,2,10,7.15,10,7.35,10,7.35,5,3.3,2.5,1.75,1.8,1.9,7.9,3.95,3.5,0.66,5,-0.15,36,0.06,10,-0.56,10,0,12,0.45,15,0.25,9.3,2.85,7,3.5,1.75,4.3,-0.6,10,-0.45,10,-0.45,10,-0.45,10,-0.2,4.5,-6.5,35,-2,35,-2,35,-2,35,-2,35,-1.2,35,-1.2,35,-1.2,35,-1.01,35,0.013,25,-0.12,25,-0.3,3,-0.59,3,-1.05,3,-1.75,3,-1.1,1.8,-5.35,5.2,-7,4.1,-7,2.3,-9.3,1.05,-50,-1,-50,-0.8,-50,-0.8,-50,-0.8,-50,-0.8,-50,-0.4,-50,-0.3,-50,-0.6,-50,-0.4,-50,-0.8,-50,-1.5,-20,-1,-15,-1.95,-14,-2.25,-14,-5.825,-28,-11,-2.8,-1.1,-2.8,-1.25,-2.8,-1.25,-2.8,-1.25,-70,-22,-10,-3.52,-2,-1.2,-3,-2.5,-3,-2.95,-3,-3.5,-3,-3.9,-3,-4.5,1.55,-50,1.55,-50,1.65,-26],
[14,1164194.0097,400895.77,3.1995965,-35,0.316,-3.5,-1,-20,-0.05,-1,-3.885,-20,-3.5,-20,-0.33,-2
,-0.3003,-2,-0.3003,-2,-0.3003,-2,-0.3003,-2,-0.135,-1,1.995,-30,1.88,-30,2.68,-30
,2.48,-30,2.48,-30,1.24,-13,-0.5,-11.5,-3.888,-8.12,-3.25,-3.5,-3.75,-5
,-3.55,-5,-3.005,-5,-3.005,-5,-1.6,-2.78,-1.3,-4.5,-0.85,-13.5,-0.171,-10,0.001,-5,0.85,-8,2.5,-8,5.08,-7.3,6.58,-7.3
,9.01,-12.8,0.9,-1.28,7.15,-13,3.5,-6.6,3.7,-7.4,2.53,-8,3.8,-18,1.9099,-6.85,3,-6,9.8,-13.5,1.7,-4,5,-20,1.42,-5.6,1.6,-14,-0.003,-18,-0.528,-20,-0.128,-2,-0.064,-1
,-3.95,-22.5,0.25,-20,-0.03,-20,-0.53,-18.5,-0.65,-5,-1.2,-5,-0.95,-5,-1.15,-5
,-1.15,-5,-0.9,-5,-0.9,-5,-1.188,-5,-1.188,-5,-1.188,-5,-1.101,-5,-1.2,-10,-0.695,-5.93,-0.0796,-5,-0.00796,-5,0.0019,-2.005,1.75,-15,3.5,-20,4.1008,-20
,3.6008,-20,0.36,-2,1.2,-10,0.103,-5,0.00001,-2,-1.95,-15,-1.95,-15,-1.95,-15,-1.55,-15,-0.155,-1.5,-0.5,-43,0.01,-1.5,1.5,-20
,0.885,-20,0.985,-20,0.985,-20,0.885,-20,0.885,-20,0.9385,-20,0.9385,-20,0.999385,-20
,1.09385,-20,0.89385,-20,0.9385,-20,0.9385,-20,0.9385,-20,1.15385,-20,1.755385,-20
,1.755385,-20,1.735385,-20,0.455,-6.55,-1,-2,0.82,-18,-0.65,-2.85,-0.61,-1,-2.5,-2.85,-3.45,-1.95
,-12,-0.712,-3,-0.886,-0.3,-0.0886,-3.15,-2.35,-1.25,-3,0.62,-4,0.062,-0.4,1.53,-4.2
,0.3,-1.52,0.82,-20,0.82,-20,0.82,-20,0.82,-20,0.82,-20,0.72,-20,0.72,-20,0.72,-20,0.82,-20,0.82,-20,0.82,-20
,0.82,-20,0.72,-20,0.52,-20,0.52,-20,0.82,-20,1.22,-20,0.4192,-20,0.5152,-20
,0.6152,-20,0.3152,-8,0.3152,-8,0.512,-8,1.25,-10,0.5,-10,0.395,-5
,0.395,-5,0.335,-5,0.315,-5,0.5,-12,0.5,-12,0.7,-12,0.6,-12,0.5,-12
,0.5,-12,0.5,-12,0.7,-12,0.6,-12,0.5,-12,0.5,-12,0.5,-12,0.315,-3.65
,1.8,-7.65,4.46,-7.58,6.12,-12.7,3.12,-6.7,0.312,-0.67,0.312,-0.67,1,-5,1,-15,0.7192,-15
,0.7192,-15,0.7192,-15,0.7192,-15,0.7492,-15,0.7392,-15,0.7392,-15,0.7392,-15,0.6192,-15,0.6192,-15,0.6192,-15,0.7192,-15,0.7192,-15,0.7192,-15,0.7192,-15,0.7192,-15,0.7192,-15
,-0.71,-15,-0.71,-15,-0.71,-15,-0.351,-7.5,-0.351,-6,-1.3,-12,-0.13,-1.2,-0.13,-1.2,-0.13,-1.2,-0.13,-1.2,-0.013,-0.12,-0.013,-0.12,-0.013,-0.12,1.8,-20,0.18,-2,0.18,-2,0.18,-2,0.09,-0.8
,2.35,-4,2.85,-4.25,4.4,-2.22,10.2,-1.7,15.2,-1.2587,8.95,-0.65,8,-0.11,8,-0.11,5.335,0.13],
[13,1162826,399386,79,3.8666,96,0.876,5,0.01,20,-0.2,35,-2.48,60,-1.2,6,-0.12,6,-0.12
,25,-2.3666,10,-0.2,10,-0.2,100,-1.43,100,-1.43,135,-0.35,60,0.75,60,0.75,100,3.85
,100,3.85,66,4.65,20,-0.1,20,1.283,20,1.43,12,0.9543,50,-1,50,-1,30,-0.4,5,0.1,5,0.1,0.5,-0.01,5,-0.3
,0.5,-0.03,0.5,-0.15,1.6,-0.8,1,-2,0.5,-2,5.66,-25,3.5,-39,0.39,-4.2,0.026,-1.22,
5.2,-5.6,7.999,-4.2,20,-4.2,2,-0.42,2,-0.42,5,-0.55,5,-0.55,3,-0.1,3,-0.2
,10,0.241,10,0.241,10,0.201,20,0.162,5,0.01,5,0.01,5,0.01,5,-0.01,3,-0.005,3,-0.005
,20,-0.81,10,-0.4,30,0.699,30,0.499,3,-0.05,70,-1.52,7,-0.252,53,-5.0018,86.5,-14.95
,6,-0.1,20,5.8,8,0.5,2,0.1,1.5,0.1,50,-0.51,50,-0.51,50,-0.51,50,-0.81,50,-0.81,50,0.81,50,1.11,50,1.11
,50,1.11,50,1.11,50,1.11,50,0.81,50,0.71,50,0.3,50,0.3,50,0.3,50,0.3,50,0.3,50,0.3,50,0.3,50,0.6,50,0.6,142,-0.8
,80,10,100,5.5,100,5.5,16,-4.3,20,-10.51,2,-1.05,5,-1.4,3.5,-0.85,8.6,-1.3,11.5,0.35
,48,11.01,10,1.2,10,1.2,3,0.4,50,10.5,5,1,5,1,10,2.3,5,0.8,5,0.7,5,0.7,5,0.7,15,0.5,1.5,0.05,75,-1,7.5,-0.1,7.5,-0.1,7.5,-0.1,7.5,-0.1,7.5,-0.1,7.5,-0.1,7.5,-0.1,7.5,-0.1,7.5,-0.1,7.5,-0.1,7.5,-0.1,7.5,-0.1,7.5,-0.1,7.5,-0.1
,7.5,-0.1,7.5,-0.1,7.5,-0.1,7.5,-0.1,7.5,-0.1,7.5,-0.1,7.5,-0.1,1,0.05,1,0.01,1,0.01,20.5,-2,8,-1.8
,8,-2.48,6.8,-2.0018,6,-5,5.6,-4.9,3.45,-5.7,3.45,-5.7,0.85,-2.45,13.15,-63,9.5,-16
,6,-3.35,4.2,-2.3,24,-2.55,12,-1.005,5.65,-0.5,160,-105,1.6,-1.05,1.6,-1.05,1.6,-0.85,1.6,-0.85
,1.6,-0.85,1.6,-0.85,1.6,-0.85,1.6,-0.55,1.6,-0.55,1.6,-0.55,48,-10.5,60,8,250,-0.315,100,0.885,100,1.885
,35,0.855,20,-4,10,-2,1,-1],
[12,1163278.3845,399006.85,-0.221,-10.5,3.79,-8.1,2.5,-4,16,-17.75,7.15,-4.205,
7.99,-2.33,10,-0.54,10,-0.24,10,-0.24,10,-0.24,10,-0.24,10,-0.34,10,-0.34,10,-0.34,10,-0.34,10,-0.34,10,-0.04,10,0.001
,10,-0.045,10,-0.105,10,-0.105,10,-0.105,10,-0.105,10,-0.105,10,-0.105,10,-0.105,10,-0.105,10,-0.105,10,-0.105,10,-0.135,10,-0.135,10,-0.135,10,-0.135,10,-0.135
,10,-0.135,10,-0.135,10,-0.135,10,-0.135,10,-0.135,10,-0.135,10,-0.135,10,-0.135,10,-0.035,10,-0.035
,10,-0.035,10,-0.035,10,-0.085,10,-0.085,10,-0.085,40,0.15,15,0.1,15,0.1
,10,0.105,10,0.455,10,0.45,10,0.3,10,0.3,10,0.33,10,0.363,10,0.393,10,0.393
,10,0.393,10,0.693,10,0.693,10,0.693,10,0.893,10,0.893,6,0.4593,32,6.2,3.5,0.5,13,3.6,13,3.7
,13,3.7,6.5,1.85,3.001,0.85,5,0.5,5,0.9,5,0.95,5,0.71,5,0.71,5,0.61,5,0.41,5,0.41,5,0.51,5,0.551,5,0.551,5,0.551,10,0.16,10,0.16,10,0.16,10,0.26,10,0.26,10,0.36,10,0.26,10,0.366
,10,0.366,10,0.366,10,0.366,10,0.166,10,0.166,10,0.166,10,0.366,10,0.266,10,0.266,10,0.266,10,0.266,10,0.266,10,0.266,10,0.266,10,0.266,10,0.266,10,0.366,10,0.166,10,-0.066,10,-0.066,10,-0.066
,10,-0.066,10,-0.066,10,-0.066,10,-0.066,10,-0.066,10,-0.166,10,-0.266,10,-0.366,10,-0.266,10,-0.366,10,-0.266,10,-0.366,10,-0.266,10,-0.366,10,-0.266,10,-0.166,10,-0.066
,10,-0.096,10,-0.096,10,-0.096,10,-0.096,10,-0.096,10,-0.096,10,-0.096,10,-0.096,10,-0.096,10,-0.086,10,-0.076,10,-0.076,10,-0.076,10,-0.076,10,-0.076,10,-0.076,10,-0.076,10,-0.076,10,-0.076,10,-0.076,10,-0.076,10,-0.076,10,-0.076,10,-0.076,10,-0.076,10,-0.076,10,-0.076,10,-0.076,10,-0.076
,10,0.15,10,0.15,10,0.05,10,0.05,10,0.05,10,0.05,10,0.05,10,-0.05,10,-0.05,10,-0.05,10,-0.05,10,-0.05,10,-0.05,10,-0.15,10,-0.25,10,-0.25,10,-0.25,10,-0.25,10,-0.25,10,-0.45,5,-0.39,5,-0.45,9,-1.69,7.2,-4.99,4.3,-5.2,3.15,-7.65,1,-4,1,-25
,-0.85,-35,-0.25,-22,-1.9,-20,-0.19,-2,-0.19,-1.8,-3.855,-15,-7.8,-20,-10.2,-20,-8.2,-16,-4.85,-17.5,-2.45,-15,-0.8,-9,-0.32,-9,-0.1,-10,0.165,-10,0.275,-7.08,2.82,-10,0.282,-1,0.282,-1,0.282,-1,0.282,-1,0.182,-1,0.182,-1,0.182,-1,0.182,-1,3,-4,3,-4,1.8,-2.2
,5.5,-4,2.75,-2,0.275,-0.2,0.275,-0.2,0.275,-0.2,0.375,-0.2,6.8,-1.85,0.68,-0.185,0.68,-0.185,0.68,-0.185,0.68,-0.185,0.68,-0.185,13.5,-0.995,40,0.451,40,0.451,40,0.211,40,0.311,34.95,0.311,16.9,-3.005,24,-9,12,-4.5,12,-5,12,-5.5,12,-5.5,12,-6,12,-6.0015,12,-6.0015,10.5,-5.0015],
[11,1163201.7063,401103.34,2.0015,-9.5,12,-26,11.8,-26,12,-26,6,-13,3,-6.5,14.3,-23,7.85,-11.5
,8.9985,-11.5,9.1953,-7,12.8,-6,5,-1.567,6,-0.385,27,1.8,27,1.998
,27,2.1,27,1.95,27,2.62541,27,2.86541,27,2.87541,27,2.77541,13.5,1.46,6.7,0.73,26,1.45
,26,0.95,26,1.245,26,1.245,11,0.555,14.65,-1.71,0.7365,-0.0851,10.35,-6.16
,2.3,-18,0.23,-1.8,4.665,-22,1.55,-38,-4.35,-26,-3.35,-26,-0.85,-6.5,-4,-13.6
,-8.6,-13,-4.3,-5.5,-16.6,-13,-1.7996,-1.3,-20.286,-13,-19.89286,-13,-10,-6.5,-1,-0.65,-0.5,-0.325
,-39.25,-40,-17.5,-20,-1.75,-2,-1.65,-2,-1.65,-2,-0.70525,-0.95,-0.9,-2.8
,0.6,-5,0.7,-5,0.8,-5,0.7,-5,0.7,-5,0.07,-0.5,0.07,-0.5,0.07,-0.5,0.07,-0.5,0.07,-0.5,0.07,-0.5
,12.8,-40,12.8,-40,1.28,-4,0.68,-2,12.5,-28,3.1525,-7.3,8,-33,14.5,-40,3.9,-10,2.15,-5,0.215,-0.5
,43.5,-52,41.995,-52,4.2,-5.2,4.2,-5.2,4.15,-5.2,4.1,-5.2,0.41,-0.52,0.41,-0.52,13.3,-9.2
,24.3,-9,10,-2.5001,9.65,-1.6,30,-0.35,30,0.2,30,0.2,30,-0.1,30,-0.29,3,-0.08,3,-0.08,20,-4,19.5,-10.1158
,9.8,-14.3,4.2,-34,3.5,-34,1.55,-17,0.155,-1.7,0.155,-1.7,1.021,-30,0.61,-30,0.305,-15,0.0305,-1.5
,0.0305,-1.5,0.0305,-1.5,0.993,-20,1.45,-20,1.35,-20,1.35,-20,1.25,-20
,1.25,-20,1.25,-20,0.65,-20,0.8995,-20,0.995,-20,1.295,-20,1.1295,-20
,1.0095,-20,-1,-30,-0.001,-30,0.101,-30,0.801,-30,0.801,-30,0.801,-30,0.501,-30,0.2501,-15,0.125,-7.5,0.106,-4.75
,-7,-40,-0.01,-5,7,-46,0.55,-2.3,13.45,-40,0.873,-3.5,1.4,-15,1.3,-15
,0.65,-7.5,0.065,-0.75,0.065,-0.75,0.065,-0.75,0.2,-1.5,0.45,-1.5,1,-1.5
,1,-1.5,2.255,-1.859,5.5,-0.8,60,0.23],
[10,1163319,399488,3.8,-105,-1.1,-35,2,-40,0.1,-10,-1.2,-15,-1.2,-15,-0.12,-1.5
,-5.4,-20,-5.8,-20,-5.78,-20,-5.7,-20,-5.7,-20,-5.9,-20,-6.3,-20,-1.02,-2,-0.6,-3
,-0.6,-3,0.5,-100,-0.99,-15,-0.8,-5,2,-18,-0.5,-22,-1.2,-6.3,-5,-4.6,-4.65,-3.6,-6,-2
,-6,-2,-5.6,-2.2,-20,-3.8,-4.7,-1.3,-21,-10,-19,-10,-19,-10,-19,-10,-18,-10,-18,-10
,-18,-10,-21,-10,-10.5,-5,-9.5,-5,-6,-10,-6,-10,-6,-10,-6.3,-10,-4.015,-10,-4.95,-10,-4.65,-10
,-2.6,-15,-2.6,-15,-2.6,-15,-1.26,-15,-1.26,-15,-1.26,-15,-0.63,-7.5,-0.63,-7.5
,0.02,-20,0.02,-20,0.82,-20,0.8,-10,4.25,-20,4.15,-20,4.25,-20,3.75,-20
,3.55,-20,3.55,-20,4.5,-20,2.95,-20,3.15,-20,1.2,-10,0.4,-5,-1.2,-20
,-0.2,-20,-0.6,-20,-0.6,-20,-0.3,-10,2,-20,2.9,-19,5.6,-9.5,7.3,-4.4
,13.5,-3.9,4.65,-5,3.2,-7.05,2.52,-7.05,2.52,-7.05,2.22,-7.05,1,-3.5,0.1,-0.35,0.1,-0.35,0.1,-0.35,0.2,-0.35
,0.1,-0.5,1,-6,0.5,-3],
[9,1164349.125,398519.725,12,0,2,0,2,-0.1,10,-0.35,10,-0.49,10,-0.49,10,-0.35,10,-0.35,
10,-0.55,10,-0.55,10,-0.55,10,-0.55,10,-0.45,10,-0.55,10,-0.55,10,-0.53,3,-0.12,
20,0.28,20,0.64,10,1.05,4.5,0.525,4.5,1.8,14.2,10.9
,15,19.5,15,19.9,2,2.8,0.68,1.85,-1.05,14,-0.5,5,11.5,30,10.4,30,5,15,2.5,8.5,
0.1,0.5,4.9,10,4.9,10,2.45,5,1,2,6.5,7,6.5,6.7,6.8,8.8,3.2,12,3.2,12,1,12,1,12,1.2,12
,1.2,12,1.2,12,0.6,6,0,5,0.2,10,0.2,10,0.25,10,0.28,10,0.35,10,0.35,10,0.35,10
,0.35,10,0.45,10,0.45,10,0.5,10,0.5,10,0.55,10,0.55,10,0.58,10,0.58,10,0.55,10
,0,10,-0.1,10,-0.2,10,-0.2,10,-0.11,10,0.05,10,-0.05,10,-0.05,10,-0.05,10,-0.08,10,
-0.05,10,-0.05,10,-0.1,20,-0.08,20,0.39,15,0.19,5,0.29,5,-0.1,10,-0.1,10,-0.1,15
,-0.7,10,-0.5,10,-0.5,10,-0.1,15,-0.1,15,0.11,15,0.21,15,0.21,15,0.21,15,-0.21,15
,0.1,20,0.1,20,0.4,20,1.8,20,1.4,20,1.0,20,0.5,20,-0.5,20,-0.4,20,0.11,20,0,7
,-2.5,17,-3,9,-6,10,-2.8,4,-7,6,-10,6.2,-9,6.4,-2.5,1.5,-2.5,1.5,-2.5,1.5,-2.5,1.5
,-2.5,1.4,-2.5,1.2,-4,4,-2.8,4,-2,3.8,0.2,10,1.2,8.5,2.5,8,10,9,10,9,1,0.9,1.8,3.4
,0.8,4,0,4.2,-3.01,6,-2.58,6,-2.5,6,-3.1,6,-3.1,4.7,-10,6.5,-10,6.5,-10,6.5
,-10,7.5,-10,7.1,-10,7.1,-10,7.1,-10,7.9,-10,7,-10,7,-10,6,-10,6,-10,5,-10,5,-10,4.5
,-10,4.5,-10,4,-4,1.9,-9.5,4.8,-19,4,-5,0.2,-5,0.1,-39.5,-1.3,-240,2.5,-30,-0.5,-100,-1.5
,-100,-2.5,-100,-2.5,-200,-6.5,-200,1,-50,-1,-50,-1,-50,-0.5,-100,-1.3,-55,-1,-1,-0.2
,-2,-0.4,-2,-0.3,-3,-0.5,-10,-3.7,-10,-3.7,-3,-1,-100,-5.001,-16,-0.99,-10,-3,-6,-1.75,-6.5,-6.2
,-12,-18,-2,-8,4.2,-8.5,24,-30,24,-30,12.5,-18.5,5,-10.5,5,-10.5,7,-12.99,1,-3,1,-3,1,-5,-0.99,-5
,-0.59,-5,-0.09,-5,-0.09,-5,-0.09,-5,-0.09,-5,-0.59,-5,-0.59,-5,-0.59,-5,-0.59,-5,-0.59,-5
,-0.59,-5,-0.59,-5,-0.59,-5,-0.59,-5,-0.59,-5,0,-5,7,-100,3,-55,12,-47,15.8,-40,2.6,-18
,3.5,-9,35,-31,70,-32,6,-2.9,4.8,-8,2.3,-30,2.3,-30,2.8,-30,-1.8,-89.5,-4.1,-11,-7,-7,-11,-6,-30,-11
,-11.5,-7.5,-5,-8,-2.5,-4,-0.25,-0.8,-0.25,-0.8,-2.3,-16,0.2,-30,0.8,-30,1.3,-30
,0.85,-30,0.85,-30,0.5,-30,0.5,-30,0,-22,7.5,-52,2.8,-50,3,-50,7.2,-25,8.8,-15.5
,22.5,-17,20,-5.9,220,-3.5,5,-0.1,130,10.1,13,1,13,1,13,0.6,13,0.6,13,0.6,13,0.6
,50,1,50,1,50,1,50,-0.5,50,-1,60,-2.4,6,-0.24,6,-0.24,150,4,150,3.2,50,-1.3,50,-0.5
,5,-0.05,5,-0.05,5,-0.05,5,-0.05,5,-0.09
],
[8,1163597.58,399475.18,-18.5,50,0.50015,11,3.72,21,-0.6,7.3,-14,28,-14.5,27
,-14.0985,27,-10.25,20,-2.01,4.101,-4.4,16,-5.16,34,-2.8,17,-1.64,6.5,-0.164,0.65
,-3.85,8,-18.3,25,-19.3,25,-0.9059,1.101,-2.45,7.5,-2,7.5
,-1.5,7.5,-1.5,7.5,-1.5,7.5,-1.5,7.5,-1.4,7.5,-1.3,7.5,-1.4,7.5,-1.3,7.5,-1.3,7.5,-1.2,7.5,-1.2,7.25
,-1.4,7.5,-1.4,7.5,-1.3,7.5,-0.13,0.75,-0.13,0.75,-0.13,0.75,-6.1,149,-1.1,14,-1.4,14
,0.415,5,-0.8,18,-1.6,8.5,-4.3,10.5,-7.1,9.85,-12.6,12,-6.4,6,-7,6,-6.801,6
,-6.801,6,-6.801,6,-6.6501,6,-6.6501,6,-6.6501,6,-6.6501,6,-6.9501,6,-6.79501,6
,-6.69501,6,-0.669,0.6,-0.669,0.6,-0.53,0.5,-3.801,5,-2.901,4,-9.65,24,-9.795,24,-9.65,24,-9.35,24
,-9.45,24,-9.65,24,-5.58,12,-5.828,12,-9.4,14,-14.65,16.5,-12.85,16.5,-13.185,16.5
,-12.85,16.5,-12.85,16.5,-12.85,16.5,-12.55,16.5,-10.85,16.5,-10.35,16.5,-9.005,16.5
,-8.505,16.5,-8.205,16.5,-8.505,16.5,-8.505,16.5,-8.705,16.5,-1.217,1.65,-1.17,1.65
,-10.5,10.28,-4.218,7.3,-2.85,10,-0.02,13.998,4.5,15,8.1,14,14.5,11.2,28.5,14.4,2.85,1.44,9,1.5,9,0.5,9,-0.6,9,-2.3
,12,-5.1,16,-5.3,100,-2,161,-2,300,-0.05,3,-0.15,3,-0.15,3,-0.15,3,-0.25,3,-0.6,3,-0.6,3,-0.6,100,-39
,100,-42,100,-41.5,100,-43,100,-42.85,100,-43,100,-44.285,100,-43.885,32,-13.45,30.5,-7.95,15,-9.2,1.5,-0.929
,1.32,-0.87,10.25,-13.6,4.75,-13.6,-2.3,-35,-4.6,-20,-2.3,-10,-12.2,-35,-11.8,-35,
-11.8,-35,-11.8,-35,-11.8,-35,-11.6,-35,-3.65,-13,-2.0195,-6.0105,-2.6195,-6.0105,-2.6195,-6.0105
,-2.6195,-6.0105,-1.3,-3,-1.213,-3,-5.8,-10,-6.2,-10,-6.78,-10,-6.88,-10,-6.88,-10
,-6.018,-10,-5.998,-10,-6.218,-10,-6.498,-10,-6.218,-10,-6.498,-10,-7.218,-10,-7.198,-10,-7.198,-10,-7.198,-10
,-7.098,-10,-7.00198,-10,-6.6898,-10,-6.80198,-10,-6.601898,-10,-6.601898,-10
,-6.601898,-10,-6.601898,-10,-6.601898,-10,-3.5,-5,-3.6,-5,-3.4,-5,-3.12,-5,-3.12,-5
,-1.2,-3.5,-1.2,-3.5,-1.2,-3.5,-0.2,-3.5,-0.2,-3.5,-0.2,-3.5,0.163,-35,0.263,-35,1.1589953,-12,2,-10,2,-10
,2,-10,2,-10,2,-10,5.2,-14,2.65,-15,2.3,-30,2.998,-30,3,-30,6,-21],
[7,1163455.48,400063.035,145,4.2,123,6.48,123,5.498,123,5.298,123,3.598
,123,2.498,50,0.51,5,0.041,5,0.041,2.5,-0.021,2.5,-0.021,0.25,-0.002,0.25,-0.002,0.25,-0.002
,0.25,-0.002,0.25,-0.002,22,-4.6,3,-0.9,3,-0.9,3,-0.9,3,-0.9,3,-0.9,3,-0.9
,3,-0.9,3,-0.8,3,-0.8,3,-0.8,6,-1,6,-1,6,-1,6,-0.91,6,-0.7,6,-0.7,6,-0.751
,6,-0.751,6,-0.651,6,-0.551,0.6,-0.0551,0.3,-0.025,0.3,-0.025,25,-1.35,2.5,-0.135
,2.5,-0.335,2.5,-0.335,0.7,-0.15,30.85,-24,1,-0.8,26.195,-16.5,26.195,-16.75
,4,-1.3,5,-0.54,3,-0.11905,3,0.08,25,4.365,21,5.8,21,6.215,2,0.95,3.6,1.1
,8,0.9,45,1,75,0.51,7.5,0.0001,11,3,7,5,0.7,0.5,5.56,5.3,26,21.001,2.6,2.1,0.26,0.21
,0.26,0.21,12,8.001,7.83,2.096,4,0.63,0.4,0.064,30,1.5,30,1.75,3,0.175,3,0.175,3,0.175,1.5,0.0885
,20,4.213,13.5,3.2,15,4.65,13,4.0165,13,3.3165,1.3,0.33,1.3,0.33,1.3,0.33,16,6
,13.85,7.3,9,8.35,3.75,5.65,-0.1401,7.865,-3.251,40,-3.513951,40,-3.559951,40
,-3.159951,35,-0.85,40,-0.2125,10,-0.106,5,-0.025,1.75,1.166,9,2.65,11,3.6996,6.6
,4.489,5.8,5,4.5,9.5,5.6,11.5,3.958,15,2,25,1.001,25,1.201,25,1.3501,25,1.3501
,25,1.18501,25,1.38501,25,1.28501,25,1.28501,25,1.28501,25,1.30501,2.5,0.13,2.5,0.23
,25,2,12.5,1.50018,9.4,1.8988,7.1,2.553,5.514,3.55,10.85,12.2,27.6,50,25.0016,50,2.5,5
,2.5,5,30,50,18.535,21.8,14.36,10.8,50,27.5,5.9,3.95,5.9,3.95,5.9,3.95,5.9,3.95
,5.9,4.15,5.7,4.3,0.6,0.43,0.55,0.43,0.525,0.43,22.3,21.5,4.85,7,4.995,10,3.8295,10,0.38,1,0.38,1
,0.19,0.5,0.19,0.5,0.19,0.5,4.55295,30,5.55295,30,5.45295,30,5.45295,30,5.55295,30,5.35295,30
,5.0015295,30,5.0015295,30,5.0015295,30,5.0015295,30,5.0015295,30,5.0015295,30,7.3,30
,7.3,30,8.998,30,0.9,2,0.9,2,0.9,2,0.9,2,0.9,2,0.9,2,1.32,2,6,8.5,6,8.5,6.795,8.5
,6.795,8.5,6.795,8.5,6.795,8.5,10,8.2,10,8.2,10,8.2,10.3,8.2,10.5,8.2,10.3,8.2,10.005,8.2
,10.3,8.2,10.005,8.2,1,0.8,6,3.5,6,3.185,6.1,3.25,5,1.345,5,1.345,1,0.18,1,0.18,1,0.28
,10,1.2,9,1.2,50,1.53,50,1.253,25,0.2357,25,0.3357,25,0.98357,25,0.98357,25,0.58357,2.5,0.06
,2.5,0.06,1.65,0.03,33.5,2,33.5,2,33.5,2.5,33.5,2.1152,33.5,2.1152,33.5,2.1152,33.5,2.1152,33.5,1.79152,33.5,1.79152
,33.5,1.79152,16.5,0.79152,8,0.4,8,0.23,8,-0.113,20,-0.2,20,-0.2,20,-0.4
,20,-0.3,20,-0.3,20,-0.3,20,-0.3,20,-0.4,20,-0.86,20,-1.3,20,-1.3,20,-1.3,10,-0.65,1,-0.065
,10,-4.765,10,-8.257,3.82,-1.6,2.4,0.324,2.4,0.324,29.75,15.5,2.775,1.552
,20,11.75,10,5.7,10,5,5,1.5,2.5,0.705,5,0.5,0.5,0.005,30,0.002,10,-0.41,16,-0.21
],
[6,1165019,399148.1,50,-0.081,50,0.35,100,0.65,10,0.15,50,-0.3338,17.5,1.25
,27.5,5.25,2.75,0.525,2.75,0.525,19.5,1.995,50,-0.99,50,-0.89,50,-1.48559
,50,-1.48559,50,-1.48559,10,0.01,20,0.15,50,0.21,50,0.21,50,0.21,5,0.02,63,7.55,27,0.01,75,-8.35,7.5,-0.7535,7.5,-0.535,3.85,-0.256,100,-1.655,20,0.01
,37,0.59,5,-0.85,5,-0.995,5,-1.15,50,-19.5,5,-1.95,5,-2.15,5,-2.15,12,-3,4,-0.2,14,1.5,14,2.65,14,2.65,7,1.006,6,0.4,6,0.2,6,-0.351,14,-2,7,-0.4,50,0.02
,40,-0.02,10,-0.5,5,-1.5,5,-1.9,5,-2,4,-2.9,68,-100,13,-10.99,170,-50.5,5,-2.5
,7.65,-3.9,5,-3.5,178,-147,14,-7.65,40,-12.5],
[5,1164349.125,398519.725,0,-4.95,-0.15,-5.55,-0.15,-5.55,-0.2,-5.55,-0.2,-5.55
,-0.2,-5.55,-0.5,-5.55,-0.5,-5.55,-0.4,-5.55,-0.3,-5.55
,-0.4,-6,-0.2,-6,-0.12,-6,-0.15,-6,-0.2,-12,
-0.1,-5,1,-6.5,1.8,-4.55,4,-3,3,
-2,5,-1.5,8,-1.5,15,-1.89,10,-0.59,10,-0.55,20,-0.4,20,-0.55,20,-0.55,20,-0.65
,30,-0.55,40,-0.60,20,-0.53,30,-1.6,15,-0.85,
0.75,-0.1,0.5,-0.15,1,-0.10,13,-3.85,4.5,-3,4.5,-4,3.2,-3.3,5,-8.5,
3.15,-17,1.3,-5,1.3,-5,1.3,-5,1.5,-5,1.5,-5,1.8,-5,1.65,-5,1.75,-5,1.58,-5
,0.35,-1.5,0.5,-2,3,-15,2.1,-15,0.7,-8,0.5,-20,0.4,-20,0.5,-20,0.42,-20,0.38,-15
,-1.6,-9.5,-3,-9,-1.5,-9,1.2,-11,5.3,-18,1.85,-6,8.0,-12.3,12.8,-10.2
,12.5,-5.7,12,-4.1,4,-1.5,3.3,-1.1,13.5,-2.7,20.5,-2.8,27,-1.2,12.5,1.5
,22,4.5,40,11,20,5.9,13,4.5,80,34.5,12,5,3,1.25,13,3.5,2,0.45,
2,0.25,10,1.15,10,0.45,3,-0.16,3,-0.23,3,-0.25,10,-2.5,10,-2.85
,5,-1.7,5,-1.7,5,-2.3,1,-0.45,7,-4.6,5,-3.7,5,-3.9,4.5,-3.9,30,-34.5,10,-12.5
,10,-12,10,-12,10,-12.6,10,-12.5,10,-12.5,10,-12.5,10,-12.5,10,-12,10,-12.5,10,-13
,10,-12.5,10,-12.5,10,-12.8,10,-12.5,10,-12.1,10,-12.1,10,-12.1,10,-12.1,10,-12.1
,10,-12.1,10,-12,10,-12,10,-12,5,-5.8,2.8,-3.3,3.6,-2.1,8.9,-3.5,13,-1.6,8.1,-0.5
,5.4,0.6,26,11.3,26,11.3,26,12,26,12,26,11.9,26,11.9,26,12.05,26,12.01,26,11.9,
26,11.9,26,11.9,26,13.7,26,13.7,26,14.001,26,14.01,26,16.4,5,3.5,26,19.5,26,19.8,
26,22.4,26,21.75,26,21.78,13,10.84
],
[4,1164423.57,399477.001,6,0.001,1.5,0.3,2,0.7,6.7,6,6.6,6.7,6.6,6.7,6.6,6.4,6.6,6.4
,6.6,6.4,6.6,6.4,6.6,6.4,6.6,6.4,6.6,6.4,6.6,6.5,6.6,6.5,6.6,6.5,6.6,6.5,6.6,6.5,6.6,6.5
,6.6,6.4,6.6,6.4,6.6,6.4,6.6,6.45,6.6,6.45,6.6,6.4,6.6,6.4,6.6,6.4,6.6,6.45,6.6,6.45
,6.6,6.004,6.6,5.9,6.6,5.6,6.6,5.6,6.86,5.6,6.6,4.6,6.6,4.6,6.6,4.86,6.6,4.4586
,6.6,4.86,6.6,4.86,6.6,5.326,6.6,5.426,6.6,5.326,3.3,2.88,3.3,2.928,3.3,2.928,3.3,2.928,3.3,2.928,3.3,2.928,3.35,2.8590128,3.35,2.859018
,3.4,2.928,3.5,2.928,3.4,2.928,3.5,2.928,3.6,2.928,3.7,2.928,3.6,2.928,3.5,2.928
,3.7,2.928,3.8,2.928,9.55,10,9.8,9,4.9,4.5,11.5,12,12.895,12,12.895,12,12.995,12,12.995,12,12.995,12,12.995,12
,12.995,12,12.995,12,12.995,12,12.995,12,12.995,12,12.995,12,12.995,12,12.995,12,12.995,12,12.995,12,13.25,12,13.895,12
,13.895,12,13.895,12.688,13,13.15,13,13.15,12.8525,11.95,13.525,12.15,13.5,12.15
,13.5,12.15,13.5,12.15,13.5,12.15,13.5,12.15,13.285,12.15,13.285,12.15,6.57,6.07,6.57,6.07
,6.57,6.07,3.15,3.06,1.24,1.25,18,7.4,30,9.5,29,9.5,30.4,10.535,30.4,10.535,30.8,10.535
,30.4,10.535,31.4,10.535,31.4,10.535,31.4,10.535,31.4,10.535,31.4,11.0535,31.4,10.60535
,31.4,10.435,31.4,9.75935,15.64,4.86,1.56,0.48,1.56,0.58,1.56,0.58,0.8,0.3,15,1.55
,15,1.5005,7.55,0.7,0.76,0.07,10,1.752,1,0.18,1,0.18,5,1.5,5,1.5,10,3.5,10,3.95,10,4
,10,4,10,4,10.3,4,10.3,4,5,1.488,5,1.488,5,1.488,4.7,1.3,20,1.56,20,2,20,2.3,
20,2.9,20,2.8,20,2.7,10,1.35,1,0.135,1,0.135,1,0.135,7.2,0.3,4.5,1.34,50,-0.15
,50,0.305,30,0.305,3,0.03,3,0.03,10,1.1,1,0.11,6.5,1.5,13.5,5,6.45,3.84
,6.45,4.2,6.45,4.82,3.2,2.4,7,4.3,7,5,7,5.3,7,5.3,6.3,4.5,4.5,4.8,4.65,8,2,7,0.2,8
,-3.01,20,-3.01,20,-3.01,20,-3.31,20,-1.3,7,-0.65,3.5
],
[3,1165996.19,400424.35,28,1.9,29,5.5,11.8,13,3.8,13,2.55,27,-77,368,77,-368
,9.25,-11,16,-16,12,-8.005,4.4,-4,5.5,-3.9,4,-2.3,0.4,-0.23,7.3,-2.50,8.5,-2
,8.4,-0.3,8.5,0.65,7,1.5,8.0015,3,7.2,4.5723,6,3],
[2,1163126,400589,-31.5,57,-13.5,20,-3.2,5,-3,5,-12.1,16.5,-11.1,21,-4.4,21.9,-8.8,17.6,-23.4,40,-25.38,36.79,
-6.8,7.18,-12.2,12.9,-10.8,13,-9.15,15,-4.3,9.62,-8.7,20.9,-9.7,25.4,-3.8,10.43,-3.1,12.5,2,7.8,2.83,6.11,5.7,8.5,6.06,5.56,
9.7,6.5,8.62,3.73,16.9,6.5,21.02,6.23,21.6,3.5,6.74,1.48,19.5,2.7,16.8,1.73,12.3,0.51,10.1,0.52,5.2,0.17,
8.8,2.07,11.5,2.65,7.2,1.8,4,0.86,3.8,0.79,6.5,1.24,6.2,1.35,3.7,0.72,7.7,1.52,9.8,1.24,7.4,1.04,8.3,
1,5.8,0.72,7.3,0.9,3.3,1.1,3.3,1.1,1.5,0.72,2.3,1.18,1.9,1,1,0.62,2.6,2.2,0.6,0.38,0.4,0.52,
1.9,1.9,0.8,0.72,1.1,1.18,1,1.17,1.6,2.17,1.4,3.21,0.7,1.65,0.6,4.11,0.5,4.28,-1.8,6.82,-2.1,7.94,
-2.1,8.03,-1.4,5.63,-1.5,6.93,-1.9,8.7,-0.3,1.51,-3.5,10.38,-3.3,9.62,-3,8.66,-2.9,8.55,-2.8,8.38,-2.8,
8.42,-0.5,1.51,-2.2,3.9,-4,7.21,-4.1,7.41,-6.8,21.31,-2.7,8.73,-3,9.58,-3,9.62,-3.9,12.14,-3.8,11.52,-6.2,
17.44,-3.1,8.8,-1.9,5.65,-0.6,1.48,-6.6,9,-0.1,0.1,-8,6.2,-11.1,5.97,-9.6,3,-21.9,1.82,-11.4,0.93,-11.4,0.83,
-9.6,0.76,-8.1,1.1,-10.8,4.45,-11.2,7.31,-8.5,10.31,-3.5,10.65,0.5,12.24,0.2,7.38,0.2,8.55,0.1,0.65,-0.8,10,-0.7,
9.58,-0.5,7.35,-1,6.82,-1.1,7.97,-0.6,4.41,-1.3,10.96,-1,9.13,-0.7,6.28,-2.5,16.47,-2.3,14.99,0,0.32,-8.1,20.75,
-10.8,17.47,-15.1,15.75,-21,18.57,-11.7,22.34,-21.4,40.77,-2.2,4.2,-0.1,0.24,-5,12.2,-3.9,9.61,-3.1,7.48,-3.5,8.34,
-3.3,8.34,-15.4,37.66,-36.3,94,-32.3,114.99,-1.2,13.09,0.6,16.26,2.8,7.68,1,4.17,4.1,7.06,8.2,7.85,7.1,3.62,17,4.92,
5,1.45,16.9,3.79,22,5.06,25.1,5.68,0.8,-0.2,5.2,1.93,7.5,3.86,2.6,2.48,3.5,5.13,2.8,5.72,-2.8,85.09,1.9,8.79,6,21.21,
3.7,12.19,3.5,60.81,-0.8,48.2,-4.3,16.05,-13.1,6.78,-17.3,1.44,-11.9,0.69,-15.1,0.62,-19.3,-0.1,-114.9,-1.41,-45.7,
-0.18,-14.5,-0.11,-88.6,-5.61,-57.4,-3.89,-45.7,-3.45,-60.5,-3.23,-20,0.22,-12.3,0.23,-55.9,-2.06,-13.1,0.65,-16.7,
2.9,-39.2,12.32,-28.3,12.74,-19.6,14.8,-35.2,47.03,-36.1,87.74,-13.4,17.9,-15.1,18.86,-10.8,9.95,-6.1,4.2,-7.6,3.06,
-23.9,2.75,-57.4,6.82],
[1,1163085.72,398207.66,2,-13,-1.5,-12.6,-10.7,-11.3,-21,-9,-33,-11,-25.5,-5.5,-14,-4
,-13,-4,-11.5,-4,-11.5,-4,-11.05,-4,-10.5,-4,-11.05,-4,-10.5,-4,-10.05,-4,-10.05,-4,-10.5,-4.3
,-10.5,-4.3,-10.5,-4.3,-10.7,-4.3,-17.3,-5.9,-84,-12,-80,-12,-75,-12,-35,-6,-17.5,-3,-17.5,-3,-178,-13.6,-103,-19,-16,-8.5,-7,-8,-5,-7,-2,-6,-1,-2.5,0.5,-13
,5,-15,5,-15,5,-15,4,-11,1.3,-8,1.998,-8,1.3,-8
,1.3,-8,1.3,-8,1.3,-8,1.3,-8,1.5,-8,1.5,-8,1.5,-8,1.5,-8,1.5,-8,1.5,-8
,1.5,-8,1.5,-8,1.05,-8,1.05,-8,1.05,-8,1.08,-8,0.9,-8,0.9,-8,0.09,-0.8
,0.045,-0.4,-2.4,-9,-3,-7,-0.3,-0.7,-6.5,-7,-0.65,-0.7,-8.5,-5.3,-10.3,-4,-1,-0.4
,-12.15,-3.1,-100,1,-100,1,-5,0.05,-13.005,-1.55,-2.8,-1.3,-3.2,-1.3,-9.2,-5,-6.9,-8,-4.5,-10
,-4.5,-10,-4.5,-10,-4.5,-10,-4.5,-10,-4.5,-10,-4.5,-10,-5.5,-10
,-5.5,-10,-2.5,-5,-0.2,-3,-1,-5,-1,-5,-1,-5,-1,-5,-2.5,-30,-2.5,-30,-2.5,-30
,-2.5,-30,-3.5,-30,-2.5,-30,-1.7,-30,-1.05,-15,-2.95,-20,-0.292,-2
,-0.292,-2,-0.252,-1,-5,-6,-2.5,-3,-1.2,-0.9,-3.6,-2,-0.36,-0.2,-0.36,-0.2
,-0.4,-0.2,-18,-4,-100,0.61,-100,0.51,-100,-0.11,-100,-1.195,-100,-1.8,-45,-1]
]